77
12
58
92
68
85
27
17
52
92
44
68
94
14
93
0
17
24
14
18
96
64
15
54
24
81
6
56
46
78
61
64
24
45
83
71
69
98
78
7
8
76
59
53
31
46
25
49
89
6
61
98
76
34
19
1
73
45
19
36
98
39
47
9
15
33
53
33
94
88
73
15
72
88
55
90
88
36
39
5
58
1
66
79
46
13
14
67
84
90
83
91
12
16
69
86
67
24
46
87
85
40
48
36
67
88
92
96
73
30
30
93
44
85
9
14
49
3
76
5
49
70
63
45
1
7
47
88
75
99
48
96
8
25
81
88
90
40
83
78
66
2
91
63
10
47
74
27
65
53
76
35
91
92
37
93
44
29
56
75
26
84
18
77
14
92
13
73
53
13
98
32
4
48
22
96
78
61
22
36
22
6
34
89
12
56
18
39
61
21
77
95
47
1
11
29
64
9
35
88
76
5
82
39
14
18
6
64
54
69
3
76
9
23
91
66
22
70
51
92
1
25
57
84
99
41
5
80
21
88
8
50
10
66
64
15
44
90
95
2
83
86
58
76
24
84
43
64
77
87
62
11
11
62
13
34
74
8
67
87
45
60
63
65
68
39
82
26
62
16
6
12
17
12
59
90
42
25
1
66
23
57
56
96
31
43
92
56
52
98
44
9
48
41
37
70
50
44
29
67
17
86
31
97
47
80
47
37
60
53
65
19
70
54
14
96
85
58
63
40
64
11
78
10
14
45
25
77
68
49
82
7
80
22
97
44
75
28
44
38
92
48
60
17
96
77
18
62
66
16
37
68
63
28
40
3
68
30
29
69
90
11
59
12
31
0
53
95
23
82
11
57
21
36
54
54
22
18
94
83
37
16
51
90
57
16
18
32
65
1
65
8
83
17
82
94
31
37
62
0
92
68
9
52
91
91
70
7
7
5
36
58
78
48
29
24
22
78
92
60
86
41
78
49
52
94
81
11
47
57
97
12
13
20
20
81
47
90
89
76
30
6
30
4
42
41
66
35
66
56
78
27
86
3
12
59
41
20
78
90
95
88
5
20
44
73
94
4
15
12
6
49
38
34
22
96
3
42
98
99
0
86
60
78
65
75
26
56
98
46
16
52
51
65
87
74
59
44
41
91
46
62
62
42
24
20
30
50
79
88
22
25
65
54
30
44
35
60
72
78
58
28
98
87
88
85
78
43
75
7
11
45
93
76
36
55
24
67
13
83
26
7
58
22
17
9
80
9
60
23
79
43
34
71
94
75
97
4
91
10
96
68
70
11
90
49
1
92
50
29
62
10
70
58
81
21
60
28
42
82
41
12
95
33
26
17
79
98
18
89
33
69
62
53
96
55
72
74
20
52
85
49
19
75
17
18
20
49
1
70
88
78
21
42
15
73
78
12
20
79
44
73
65
43
80
20
95
41
59
15
78
9
18
76
55
39
30
35
86
2
98
59
70
42
49
94
92
19
66
19
79
67
78
99
90
48
75
80
21
8
59
51
3
77
85
40
78
53
2
40
83
11
17
47
72
5
95
96
77
7
41
42
59
28
24
72
37
3
55
33
69
8
5
27
46
82
58
87
59
82
84
86
65
34
55
34
55
39
89
7
34
57
32
13
24
34
22
52
14
13
88
20
22
42
48
3
87
66
84
23
20
49
72
17
49
65
55
52
17
53
55
28
45
32
63
32
70
36
21
63
24
51
13
43
34
61
33
10
91
46
33
46
64
75
90
40
30
21
87
86
35
75
7
71
32
66
86
20
4
14
92
76
91
79
8
0
44
53
46
69
50
70
27
43
95
51
27
20
81
66
85
7
29
31
23
63
71
73
76
75
24
85
95
68
40
6
83
21
84
55
29
51
31
2
35
51
37
81
34
13
13
45
34
7
64
15
98
57
23
99
35
99
33
48
11
10
47
20
42
96
82
98
74
66
51
74
68
4
58
98
63
54
84
52
25
30
62
51
84
4
15
94
9
19
19
95
42
19
43
45
59
41
97
23
23
24
49
2
68
83
18
69
26
0
42
75
48
16
56
94
70
66
20
83
78
23
34
99
35
47
45
37
80
46
99
45
18
93
9
41
41
69
85
19
36
91
44
24
65
89
11
24
35
16
5
39
36
64
2
15
51
77
12
68
35
80
31
21
42
74
65
85
12
13
79
75
72
30
42
10
17
2
77
26
3
45
23
80
17
0
63
24
28
19
17
1
78
72
13
66
3
7
98
1
53
43
76
53
30
6
39
73
56
77
64
83
59
43
58
59
